    unsorted:	 3188.737808 3196.746276 3177.434608 3124.453842 3133.880511 3088.715004 3240.455352 3266.678928 3288.498826 3060.807299 2989.184708 2961.292854 3379.357727 3413.878408 2862.961584 2840.011009 2789.264921 3530.039355 2693.843644 2544.388598 2217.573774 20.61883621 16.28156183 24.67617600 8.929663238 4.425947680 3.156708748 2.368175743 0.4299475384 40.06067133 42.58575901 45.57528042 54.08573685 61.86712787 4177.599534 4275.526856 4448.576041 388.9422343 930.5503084 831.5372170 1331.128464 4672.602926 5028.890676 5819.159655 5832.659363 5776.811737 5713.072020 5509.111110 5528.129292 5898.049233 5909.336586 6634.641392 6825.440386 22188.01556 65188.19995 107602.6369 138928.5324 226083.9969 866026.0234 976311.8672 3531814.629
      sorted:	 0.4299475384 2.368175743 3.156708748 4.425947680 8.929663238 16.28156183 20.61883621 24.67617600 40.06067133 42.58575901 45.57528042 54.08573685 61.86712787 388.9422343 831.5372170 930.5503084 1331.128464 2217.573774 2544.388598 2693.843644 2789.264921 2840.011009 2862.961584 2961.292854 2989.184708 3060.807299 3088.715004 3124.453842 3133.880511 3177.434608 3188.737808 3196.746276 3240.455352 3266.678928 3288.498826 3379.357727 3413.878408 3530.039355 4177.599534 4275.526856 4448.576041 4672.602926 5028.890676 5509.111110 5528.129292 5713.072020 5776.811737 5819.159655 5832.659363 5898.049233 5909.336586 6634.641392 6825.440386 22188.01556 65188.19995 107602.6369 138928.5324 226083.9969 866026.0234 976311.8672 3531814.629
